30.0, 28.0, 26.0, 24.0, 22.0, 20.0, 18.0, 16.0, 14.0, 12.0, 10.0, 8.0, 6.0, 4.0, 2.0, 
2.0, 4.0, 6.0, 8.0, 10.0, 12.0, 14.0, 16.0, 18.0, 20.0, 22.0, 24.0, 26.0, 28.0, 

Följande värden på Δv/Δv kontrolleras nu: 2.0, 3.0, 4.0, 5.0, 6.0, 7.0, 8.0, 9.0, 10.0, 11.0, 12.0, 13.0, 14.0, 
Detta är pReached-listan, följt av notLonely-listan: [1]
[10000, 10000, 10000, 10000, 10000, 10000, 10000, 0, 10000, 10000, 10000, 10000, 10000, 10000, 10000]

Följande värden på Δv/Δv kontrolleras nu: 0.5, 1.5, 2.0, 2.5, 3.0, 3.5, 4.0, 4.5, 5.0, 5.5, 6.0, 6.5, 7.0, 
Detta är pReached-listan, följt av notLonely-listan: [2, 2, 2]
[10000, 0, 10000, 10000, 10000, 10000, 10000, 1, 10000, 10000, 1, 10000, 10000, 10000, 10000, 10000, 10000]

Följande värden på Δv/Δv kontrolleras nu: 0.3333333333333333, 0.6666666666666666, 1.3333333333333333, 1.6666666666666667, 2.0, 2.3333333333333335, 2.6666666666666665, 3.0, 3.3333333333333335, 3.6666666666666665, 4.0, 4.333333333333333, 4.666666666666667, 
Detta är pReached-listan, följt av notLonely-listan: [3, 3, 3, 3, 3, 3]
[10000, 0, 10000, 0, 10000, 10000, 10000, 10000, 2, 10000, 1, 10000, 10000, 2, 10000, 10000, 10000, 10000, 2, 10000]

Följande värden på Δv/Δv kontrolleras nu: 0.25, 0.5, 0.75, 1.25, 1.5, 1.75, 2.0, 2.25, 2.5, 2.75, 3.0, 3.25, 3.5, 
Detta är pReached-listan, följt av notLonely-listan: [4, 2, 4, 4, 4, 4, 4, 4, 2]
[10000, 0, 10000, 0, 10000, 0, 10000, 3, 10000, 10000, 1, 10000, 10000, 3, 10000, 10000, 1, 10000, 10000, 2, 10000, 1, 10000]

Följande värden på Δv/Δv kontrolleras nu: 0.2, 0.4, 0.6, 0.8, 1.2, 1.4, 1.6, 1.8, 2.0, 2.2, 2.4, 2.6, 2.8, 
Detta är pReached-listan, följt av notLonely-listan: [5, 5, 5, 5, 5, 5, 5, 5, 5, 5, 5, 5]
[10000, 0, 10000, 0, 10000, 0, 10000, 0, 1, 10000, 4, 10000, 2, 10000, 3, 10000, 1, 10000, 10000, 3, 4, 10000, 2, 4, 10000, 1, 10000, 2, 10000]

Följande värden på Δv/Δv kontrolleras nu: 0.16666666666666666, 0.3333333333333333, 0.5, 0.6666666666666666, 0.8333333333333334, 1.1666666666666667, 1.3333333333333333, 1.5, 1.6666666666666667, 1.8333333333333333, 2.0, 2.1666666666666665, 2.3333333333333335, 
Detta är pReached-listan, följt av notLonely-listan: [6, 3, 2, 3, 6, 6, 6, 6, 3]
[10000, 0, 10000, 0, 10000, 0, 10000, 0, 10000, 0, 1, 10000, 5, 10000, 10000, 10000, 10000, 1, 2, 10000, 10000, 4, 5, 10000, 2, 10000]

Följande värden på Δv/Δv kontrolleras nu: 0.14285714285714285, 0.2857142857142857, 0.42857142857142855, 0.5714285714285714, 0.7142857142857143, 0.8571428571428571, 1.1428571428571428, 1.2857142857142858, 1.4285714285714286, 1.5714285714285714, 1.7142857142857142, 1.8571428571428572, 2.0, 
Detta är pReached-listan, följt av notLonely-listan: [7, 7, 7, 7, 7, 7, 7, 7, 7, 7, 7, 7]
[10000, 0, 10000, 0, 3, 10000, 0, 2, 10000, 0, 5, 10000, 0, 4, 10000, 0, 1, 10000, 6, 10000, 3, 6, 10000, 2, 4, 10000, 3, 5, 10000, 1, 4, 10000, 1, 2, 10000, 10000]
